************************************************************************
n = 2
lenght = 10

1 2 3 4 5 6 7 8 9 10 [11] [12]
0 1 2 3 4 5 6 7 8 9
[1] (1,2) 3
     0,1  2
[2] (2,3) 4
[3] (3,4) 5
[4] (4,5) 6
[5] (5,6) 7
[6] (7,8) 8
[7] (8,9) 10
     7,8  9

[8] (9,10) [11]
[9] (10,[11]) [12]


(1,2,3,4,5,[11],[12]) [13]
(2,3,4,5,[11],[12],[13]) [14]
(3,4,5,[11],[12],[13],[14]) [15]
(4,5,[11],[12],[13],[14],[15]) [16]
(5,[11],[12],[13],[14],[15],[16]) [17]


n_ngrams = (length / n) + n = 7
n_extra_n_grams = n = 2
extra_elements = n = 2
n_unresolved = n = 2

[1] (1,2)
[...]
[n] (lenght-n-1, lenght-n, [...], lenght-2) lenght-1


************************************************************************
n = 3
lenght = 10

1 2 3 4 5 6 7 8 9 10 [11] [12] [13]
0 1 2 3 4 5 6 7 8 9
[1] (1,2,3) 4

[2] (2,3,4) 5
[3] (3,4,5) 6
[4] (4,5,6) 7
[5] (5,6,7) 8
[6] (7,8,9) 10
     6,7,8  9

[7] (8,9,10) [11]
[8] (9,10,[11]) [12]
[9] (10,[11],[12]) [13]


n_ngrams = (length / n) + n = (10 / 3) + 3 = 6
n_extra_n_grams = n = 3
extra_elements = n = 3
n_unresolved = n = 3

[1] (1,2)
[...]
[n] (lenght-n+1, lenght-n, [...], lenght-2) lenght-1


************************************************************************
n = 2
lenght = 11

1 2 3 4 5 6 7 8 9 10 11 [12] [13]
0 1 2 3 4 5 6 7 8 9  10
[1] (1,2) 3
[2] (2,3) 4
[3] (3,4) 5
[4] (4,5) 6
[5] (5,6) 7
[6] (7,8) 8
[7] (8,9) 10
[8] (9,10) 11

[9] (10,11) [12]
[10] (11,[12]) [13]


n_ngrams = (length / n) + n + 1= (11/2) + 2 + 1 = 8
n_extra_n_grams = n = 2
extra_elements = n = 2
n_unresolved = n = 2


************************************************************************
n = 3
lenght = 11

1 2 3 4 5 6 7 8 9 10 11 [12] [13] [14]
0 1 2 3 4 5 6 7 8 9  10
[1] (1,2,3) 4
[2] (2,3,4) 5
[3] (3,4,5) 6
[4] (4,5,6) 7
[5] (5,6,7) 8
[6] (6,7,8) 9
[7] (7,8,9) 10
[8] (8,9,10) 11

[9] (9,10,11) [12]
[10] (10,11,[12]) [13]
[11] (11,[12],[13]) [14]


n_ngrams = (length / n) + n + 1= (11/3) + 3 + 1 = 7
n_extra_n_grams = n = 2
extra_elements = n = 3
